Year-by-Year Data

Year       Movie Votes          Game Votes           Movie Hits           Game Hits            Movie Top Rating     Game Top Rating     
2000       54,527               3,579                1                    2                    6.78                 8.10                
2001       110,686              5,134                2                    2                    8.40                 8.30                
2002       76,693               6,852                1                    3                    5.97                 8.88                
2003       78,906               5,059                1                    3                    8.49                 8.70                
2004       46,871               12,076               2                    2                    8.01                 8.96                
2005       67,063               5,841                1                    4                    7.10                 6.90                
2006       61,584               4,907                0                    2                    7.37                 8.76                
2007       74,328               15,892               0                    4                    7.67                 8.98                
2008       104,852              11,357               2                    5                    8.53                 8.52                
2009       106,460              12,590               1                    3                    7.59                 8.18                
2010       91,822               11,079               1                    3                    8.37                 8.28                
2011       45,110               17,451               2                    4                    8.08                 9.16                
2012       104,556              14,167               0                    4                    7.87                 7.14                
2013       85,953               20,533               1                    3                    7.25                 8.94                
2014       82,735               10,016               2                    3                    8.46                 7.82                
2015       65,881               19,860               0                    3                    5.90                 9.28                
2016       54,935               12,213               1                    4                    7.80                 8.76                
2017       91,384               12,713               1                    3                    7.24                 7.04                
2018       48,393               19,052               1                    5                    6.90                 9.18                
2019       70,082               10,449               2                    4                    6.84                 7.26                
2020       8,858                9,690                1                    4                    7.52                 8.44                
2021       55,464               4,797                0                    4                    7.27                 7.30                
2022       34,683               4,210                1                    4                    7.61                 8.78                
2023       30,978               3,183                0                    2                    7.38                 8.86                
2024       24,313               998                  0                    1                    6.93                 8.58                

========================================================================================================================================================================================================

Summary Statistics

Category             Average Rating       Total Votes         
Movies               7.43                 1,677,117           
Games                8.08                 253,698             

========================================================================================================================================================================================================

Movies Genre Distribution

Genre                Count               
Adventure            26                  
Action               25                  
Animation            17                  
Comedy               13                  
Drama                12                  
Science Fiction      6                   
Family               6                   
Thriller             5                   
Fantasy              5                   
Horror               4                   
Romance              2                   
Western              1                   
War                  1                   
Documentary          1                   
Crime                1                   
